[gd_scene load_steps=12 format=3 uid="uid://dqen127ybs47d"]

[ext_resource type="PackedScene" path="res://block.tscn" id="1_h0ha5"]
[ext_resource type="Texture2D" uid="uid://cbqqlggklp6sy" path="res://Assets/jump.png" id="1_vy61y"]
[ext_resource type="PackedScene" uid="uid://c4m3akfrhro2s" path="res://Personaje.tscn" id="2_eut7v"]
[ext_resource type="Material" path="res://Assets/Models/Paredes.tres" id="3_jsrh1"]
[ext_resource type="PackedScene" uid="uid://dmr0fcamx7t56" path="res://addons/virtual_joystick/virtual_joystick_scene.tscn" id="4_bqw2o"]
[ext_resource type="PackedScene" uid="uid://dd6wil3kneae2" path="res://coin.tscn" id="5_vmwub"]

[sub_resource type="BoxMesh" id="BoxMesh_xewl5"]
material = ExtResource("3_jsrh1")
size = Vector3(10, 0.5, 10)

[sub_resource type="BoxShape3D" id="BoxShape3D_rv43o"]
size = Vector3(10, 0.5, 10)

[sub_resource type="ProceduralSkyMaterial" id="ProceduralSkyMaterial_584q4"]
sky_top_color = Color(0.741176, 0, 0.141176, 1)
sky_horizon_color = Color(0.415686, 0.545098, 0.635294, 1)
sky_cover_modulate = Color(0.156863, 0.592157, 1, 1)
ground_bottom_color = Color(0, 0, 0, 1)
ground_horizon_color = Color(0.32549, 0.482353, 0.972549, 1)
ground_curve = 0.0672

[sub_resource type="Sky" id="Sky_6itw3"]
sky_material = SubResource("ProceduralSkyMaterial_584q4")

[sub_resource type="Environment" id="Environment_xt8cn"]
background_mode = 2
sky = SubResource("Sky_6itw3")
ambient_light_color = Color(0.882353, 0.882353, 0.882353, 1)
ambient_light_sky_contribution = 0.75
ssr_enabled = true
ssao_enabled = true

[node name="Principal" type="Node3D"]

[node name="Control" type="Control" parent="."]
layout_mode = 3
anchors_preset = 2
anchor_top = 1.0
anchor_bottom = 1.0
offset_top = -40.0
offset_right = 40.0
grow_vertical = 0

[node name="Test" type="Node2D" parent="Control"]

[node name="UI" type="CanvasLayer" parent="Control/Test"]

[node name="HBoxContainer" type="HBoxContainer" parent="Control/Test/UI"]
anchors_preset = 2
anchor_top = 1.0
anchor_bottom = 1.0
offset_top = -40.0
offset_right = 40.0
grow_vertical = 0

[node name="Control2" type="Control" parent="Control/Test/UI"]
layout_mode = 3
anchors_preset = 3
anchor_left = 1.0
anchor_top = 1.0
anchor_right = 1.0
anchor_bottom = 1.0
offset_left = -146.0
offset_top = -433.0
offset_right = 16.0
offset_bottom = -267.0
grow_horizontal = 0
grow_vertical = 0
scale = Vector2(0.799535, 0.799535)

[node name="salto" type="TouchScreenButton" parent="Control/Test/UI/Control2"]
position = Vector2(-92.5538, 275.16)
scale = Vector2(1.95361, 1.82977)
texture_normal = ExtResource("1_vy61y")
shape_centered = false
action = "jump"
visibility_mode = 1

[node name="Virtual joystick left" parent="Control/Test/UI" instance=ExtResource("4_bqw2o")]
offset_left = 19.0
offset_top = -289.0
offset_right = 319.0
offset_bottom = 11.0

[node name="Mapa" type="Node3D" parent="."]

[node name="floor" type="StaticBody3D" parent="Mapa"]
transform = Transform3D(1.39198, 0, 0, 0, 1.0011, 0, 0, 0, 1.3585, 0, 0, 0)
metadata/_edit_group_ = true

[node name="MeshInstance3D" type="MeshInstance3D" parent="Mapa/floor"]
mesh = SubResource("BoxMesh_xewl5")

[node name="CollisionShape3D" type="CollisionShape3D" parent="Mapa/floor"]
transform = Transform3D(1, 0, 0, 0, 1, 0, 0, 0, 1, 0.062, 0, 0)
shape = SubResource("BoxShape3D_rv43o")

[node name="floor2" type="StaticBody3D" parent="Mapa"]
transform = Transform3D(-6.08454e-08, 1.0011, 0, -1.39198, -4.37595e-08, 0, 0, 0, 1.3585, 7.29855, 7.16143, 0)
metadata/_edit_group_ = true

[node name="MeshInstance3D" type="MeshInstance3D" parent="Mapa/floor2"]
mesh = SubResource("BoxMesh_xewl5")

[node name="CollisionShape3D" type="CollisionShape3D" parent="Mapa/floor2"]
transform = Transform3D(1, 0, 0, 0, 1, 0, 0, 0, 1, 0.062, 0, 0)
shape = SubResource("BoxShape3D_rv43o")

[node name="floor3" type="StaticBody3D" parent="Mapa"]
transform = Transform3D(-6.08454e-08, 1.0011, 0, -1.39198, -4.37595e-08, 0, 0, 0, 1.3585, -7.03138, 7.16143, 0)
metadata/_edit_group_ = true

[node name="MeshInstance3D" type="MeshInstance3D" parent="Mapa/floor3"]
mesh = SubResource("BoxMesh_xewl5")

[node name="CollisionShape3D" type="CollisionShape3D" parent="Mapa/floor3"]
transform = Transform3D(1, 0, 0, 0, 1, 0, 0, 0, 1, 0.062, 0, 0)
shape = SubResource("BoxShape3D_rv43o")

[node name="floor4" type="StaticBody3D" parent="Mapa"]
transform = Transform3D(2.65964e-15, -4.37595e-08, 1.3585, -1.39198, -4.37595e-08, 0, 6.08454e-08, -1.0011, -5.93819e-08, 0.143369, 7.16143, -7.0555)
metadata/_edit_group_ = true

[node name="MeshInstance3D" type="MeshInstance3D" parent="Mapa/floor4"]
mesh = SubResource("BoxMesh_xewl5")

[node name="CollisionShape3D" type="CollisionShape3D" parent="Mapa/floor4"]
transform = Transform3D(1, 0, 0, 0, 1, 0, 0, 0, 1, 0.062, 0, 0)
shape = SubResource("BoxShape3D_rv43o")

[node name="floor5" type="StaticBody3D" parent="Mapa"]
transform = Transform3D(2.65964e-15, -4.37595e-08, 1.3585, -1.39198, -4.37595e-08, 0, 6.08454e-08, -1.0011, -5.93819e-08, 0.143369, 7.16143, 7.08515)
metadata/_edit_group_ = true

[node name="MeshInstance3D" type="MeshInstance3D" parent="Mapa/floor5"]
mesh = SubResource("BoxMesh_xewl5")

[node name="CollisionShape3D" type="CollisionShape3D" parent="Mapa/floor5"]
transform = Transform3D(1, 0, 0, 0, 1, 0, 0, 0, 1, 0.062, 0, 0)
shape = SubResource("BoxShape3D_rv43o")

[node name="DirectionalLight3D" type="DirectionalLight3D" parent="."]
transform = Transform3D(0.863667, -0.279743, -0.419313, 0.477447, 0.187267, 0.858472, -0.161628, -0.941634, 0.295299, -5.44086, 4.884, 6.03604)
shadow_enabled = true

[node name="Blocks" type="Node3D" parent="."]

[node name="Block" parent="Blocks" instance=ExtResource("1_h0ha5")]
transform = Transform3D(1, 0, 0, 0, 0.910525, -0.413454, 0, 0.413454, 0.910525, -3.04426, 3.65169, 3.44565)

[node name="Block2" parent="Blocks" instance=ExtResource("1_h0ha5")]
transform = Transform3D(1, 0, 0, 0, 0.910525, -0.413454, 0, 0.413454, 0.910525, -3.04426, 3.65169, 0.645675)

[node name="Block3" parent="Blocks" instance=ExtResource("1_h0ha5")]
transform = Transform3D(1, 0, 0, 0, 0.910525, -0.413454, 0, 0.413454, 0.910525, -3.04426, 3.65169, -2.35254)

[node name="Block4" parent="Blocks" instance=ExtResource("1_h0ha5")]
transform = Transform3D(-0.278337, 0.874544, -0.397116, -0.960483, -0.253433, 0.11508, 0, 0.413454, 0.910525, -3.04426, 4.56275, -0.822355)

[node name="Block5" parent="Blocks" instance=ExtResource("1_h0ha5")]
transform = Transform3D(-0.278337, 0.874544, -0.397116, -0.960483, -0.253433, 0.11508, 0, 0.413454, 0.910525, 0.774703, 4.56275, 3.48681)

[node name="Block6" parent="Blocks" instance=ExtResource("1_h0ha5")]
transform = Transform3D(0.999739, -0.0136979, -0.0182631, 0.0133548, 0.999735, -0.0187753, 0.0185155, 0.0185265, 0.999657, 0.774703, 0.584676, -1.45963)

[node name="Block7" parent="Blocks" instance=ExtResource("1_h0ha5")]
transform = Transform3D(0.999739, -0.0136979, -0.0182631, 0.0133548, 0.999735, -0.0187753, 0.0185155, 0.0185265, 0.999657, 0.774703, 0.584676, -0.416931)

[node name="Block8" parent="Blocks" instance=ExtResource("1_h0ha5")]
transform = Transform3D(0.999739, -0.0136979, -0.0182631, 0.0133548, 0.999735, -0.0187753, 0.0185155, 0.0185265, 0.999657, 0.774703, 0.584676, 0.774842)

[node name="Block9" parent="Blocks" instance=ExtResource("1_h0ha5")]
transform = Transform3D(0.999739, -0.0136979, -0.0182631, 0.0133548, 0.999735, -0.0187753, 0.0185155, 0.0185265, 0.999657, 0.774703, 1.17538, 0.774842)

[node name="Block10" parent="Blocks" instance=ExtResource("1_h0ha5")]
transform = Transform3D(0.999739, -0.0136979, -0.0182631, 0.0133548, 0.999735, -0.0187753, 0.0185155, 0.0185265, 0.999657, 0.774703, 0.664363, 1.88199)

[node name="Block11" parent="Blocks" instance=ExtResource("1_h0ha5")]
transform = Transform3D(0.999739, -0.0136979, -0.0182631, 0.0133548, 0.999735, -0.0187753, 0.0185155, 0.0185265, 0.999657, 0.774703, 1.30776, 1.88199)

[node name="Block12" parent="Blocks" instance=ExtResource("1_h0ha5")]
transform = Transform3D(0.999739, -0.0136979, -0.0182631, 0.0133548, 0.999735, -0.0187753, 0.0185155, 0.0185265, 0.999657, 0.774703, 2.00804, 1.88199)

[node name="Block13" parent="Blocks" instance=ExtResource("1_h0ha5")]
transform = Transform3D(0.999739, -0.0136979, -0.0182631, -0.000601521, 0.783905, -0.62088, 0.0228213, 0.620729, 0.783693, 0.774703, 2.64379, 3.1075)

[node name="Personaje" parent="." instance=ExtResource("2_eut7v")]
transform = Transform3D(1.53999, 0, 0, 0, 1.53999, 0, 0, 0, 1.53999, 2.97827, 0.700462, 2.97484)

[node name="WorldEnvironment" type="WorldEnvironment" parent="."]
environment = SubResource("Environment_xt8cn")

[node name="Coins" type="Node3D" parent="."]

[node name="Coin" parent="Coins" instance=ExtResource("5_vmwub")]
transform = Transform3D(1, 0, 0, 0, 1, 0, 0, 0, 1, 0, 1.33491, 0)

[node name="Coin2" parent="Coins" instance=ExtResource("5_vmwub")]
transform = Transform3D(1, 0, 0, 0, 1, 0, 0, 0, 1, -3.73609, 1.23502, 0)

[node name="Coin3" parent="Coins" instance=ExtResource("5_vmwub")]
transform = Transform3D(1, 0, 0, 0, 1, 0, 0, 0, 1, 0, 1.06811, -4.10223)

[node name="Coin4" parent="Coins" instance=ExtResource("5_vmwub")]
transform = Transform3D(1, 0, 0, 0, 1, 0, 0, 0, 1, 4.40536, 1.36533, 0)

[node name="Coin5" parent="Coins" instance=ExtResource("5_vmwub")]
transform = Transform3D(1, 0, 0, 0, 1, 0, 0, 0, 1, 3.02058, 1.59692, -4.82807)

[node name="Coin6" parent="Coins" instance=ExtResource("5_vmwub")]
transform = Transform3D(1, 0, 0, 0, 1, 0, 0, 0, 1, -3.72988, 1.31403, -4.78446)

[node name="Coin7" parent="Coins" instance=ExtResource("5_vmwub")]
transform = Transform3D(1, 0, 0, 0, 1, 0, 0, 0, 1, 0, 2.27333, 2.84751)

[node name="Coin8" parent="Coins" instance=ExtResource("5_vmwub")]
transform = Transform3D(1, 0, 0, 0, 1, 0, 0, 0, 1, -3.73609, 2.17344, 2.84751)

[node name="Coin9" parent="Coins" instance=ExtResource("5_vmwub")]
transform = Transform3D(1, 0, 0, 0, 1, 0, 0, 0, 1, 0, 2.00653, -1.25472)

[node name="Coin10" parent="Coins" instance=ExtResource("5_vmwub")]
transform = Transform3D(1, 0, 0, 0, 1, 0, 0, 0, 1, 4.40536, 2.30375, 2.84751)

[node name="Coin11" parent="Coins" instance=ExtResource("5_vmwub")]
transform = Transform3D(1, 0, 0, 0, 1, 0, 0, 0, 1, 3.02058, 2.53534, -1.98056)

[node name="Coin12" parent="Coins" instance=ExtResource("5_vmwub")]
transform = Transform3D(1, 0, 0, 0, 1, 0, 0, 0, 1, -3.72988, 2.25245, -1.93696)

[node name="Coin13" parent="Coins" instance=ExtResource("5_vmwub")]
transform = Transform3D(1, 0, 0, 0, 1, 0, 0, 0, 1, -2.47559, 1.33491, 0)

[node name="Coin14" parent="Coins" instance=ExtResource("5_vmwub")]
transform = Transform3D(1, 0, 0, 0, 1, 0, 0, 0, 1, -6.21169, 1.23502, 0)

[node name="Coin15" parent="Coins" instance=ExtResource("5_vmwub")]
transform = Transform3D(1, 0, 0, 0, 1, 0, 0, 0, 1, -2.47559, 1.06811, -4.10223)

[node name="Coin16" parent="Coins" instance=ExtResource("5_vmwub")]
transform = Transform3D(1, 0, 0, 0, 1, 0, 0, 0, 1, 1.92976, 1.36533, 0)

[node name="Coin17" parent="Coins" instance=ExtResource("5_vmwub")]
transform = Transform3D(1, 0, 0, 0, 1, 0, 0, 0, 1, 0.544988, 1.59692, -4.82807)

[node name="Coin18" parent="Coins" instance=ExtResource("5_vmwub")]
transform = Transform3D(1, 0, 0, 0, 1, 0, 0, 0, 1, -6.20547, 1.31403, -4.78446)

[node name="Coin19" parent="Coins" instance=ExtResource("5_vmwub")]
transform = Transform3D(1, 0, 0, 0, 1, 0, 0, 0, 1, -2.47559, 2.27333, 2.84751)

[node name="Coin20" parent="Coins" instance=ExtResource("5_vmwub")]
transform = Transform3D(1, 0, 0, 0, 1, 0, 0, 0, 1, -6.21169, 2.17344, 2.84751)

[node name="Coin21" parent="Coins" instance=ExtResource("5_vmwub")]
transform = Transform3D(1, 0, 0, 0, 1, 0, 0, 0, 1, -2.47559, 2.00653, -1.25472)

[node name="Coin22" parent="Coins" instance=ExtResource("5_vmwub")]
transform = Transform3D(1, 0, 0, 0, 1, 0, 0, 0, 1, 1.92976, 2.30375, 2.84751)

[node name="Coin23" parent="Coins" instance=ExtResource("5_vmwub")]
transform = Transform3D(1, 0, 0, 0, 1, 0, 0, 0, 1, 0.544988, 2.53534, -1.98056)

[node name="Coin24" parent="Coins" instance=ExtResource("5_vmwub")]
transform = Transform3D(1, 0, 0, 0, 1, 0, 0, 0, 1, -6.20547, 2.25245, -1.93696)
